PASTE YOUR CC LISTS HERE
FORMAT :4555113010445155|09|2026|851
4555113010449397|09|2026|934
4555113010444422|09|2026|762
4555113010446575|09|2026|066
4555113010447755|09|2026|478
4555113010447383|09|2026|297
4555113010447425|09|2026|924
4555113010445528|09|2026|507
4555113010442996|09|2026|698
4555113010444646|09|2026|974
4555113010446963|09|2026|938
4555113010447045|09|2026|137
4555113010449090|09|2026|129
4555113010446559|09|2026|667
4555113010447201|09|2026|948
4555113010441618|09|2026|645
4555113010442640|09|2026|686
4555113010449983|09|2026|648
4555113010444059|09|2026|695

EXAMPLE : 
